[(1, 180, 30), (1, 90, 60), (1, 90, 30), (1, 90, 60), (0,270,0)]
[(0, 225, m.sqrt(2)*30), (1, 180, m.sqrt(2)*30), (1, 225, 60), (0, 180, 60), (0,270,0)]
[(0, 180, 30), (1, 180, 30), (1, 270, 30), (1, 225, m.sqrt(2)*30), (1, 135, 30), (0, 90, 60), (0,270,0)]
[(0, 180, 30), (1, 180, 30), (1, 225, m.sqrt(2)*30), (1, 135, 30), (1, 225, m.sqrt(2)*30), (0, 135, 30), (0, 90, 60), (0,270,0)]
[(0, 180, 30), (1, 90, 30), (1, 90, 30), (1, 270, 30), (0, 180, 30), (1, 0, 30), (0,270,0)]
[(1, 180, 30), (1, 90, 30), (1, 90, 30), (1, 270, 30), (1, 270, 30), (0, 90, 60), (0,270,0)]
[(1, 225, m.sqrt(2)*30), (1, 45, 30), (1, 90, 30), (1,90,30), (1, 90, 30), (0, 225, m.sqrt(2)*30)]
[(1, 225, m.sqrt(2)*30), (1, 45, 30), (0, 180, 60), (1, 270, 30)]
[(1, 180, 30), (1, 90, 60), (1, 90, 30), (1, 90, 30), (1, 90, 30), (0, 180, 30), (1, 90, 30), (0,270,0)]
[(1, 180, 30), (1, 90, 30), (1, 90, 30), (1, 225, m.sqrt(2)*30), (0, 180, m.sqrt(2)*30), (1, 45, 30), (0,270,0)]
